18
0 : 67 : 3, 1, 15, 12, 6, 5, 9, 10, 8, 17, 4, 13, 
1 : 39 : 11, 15, 12, 9, 16, 7, 10, 3, 14, 17, 2, 0, 4, 
2 : 25 : 3, 1, 15, 12, 5, 6, 7, 10, 8, 13, 
3 : 14 : 1, 11, 15, 12, 6, 9, 7, 13, 14, 5, 2, 8, 17, 0, 4, 
4 : 43 : 1, 15, 11, 12, 6, 16, 13, 3, 5, 14, 17, 8, 0, 
5 : 58 : 3, 15, 6, 14, 7, 2, 17, 8, 4, 0, 
6 : 50 : 11, 15, 16, 10, 7, 13, 3, 5, 14, 2, 17, 8, 0, 4, 
7 : 84 : 3, 1, 11, 15, 5, 6, 9, 10, 2, 17, 13, 
8 : 99 : 11, 15, 6, 9, 16, 10, 13, 3, 5, 14, 2, 17, 0, 4, 
9 : 8 : 3, 1, 11, 15, 12, 14, 16, 7, 10, 8, 0, 13, 
10 : 13 : 1, 15, 12, 6, 9, 16, 7, 13, 14, 2, 8, 17, 0, 
11 : 34 : 3, 1, 15, 12, 6, 9, 16, 7, 8, 17, 4, 13, 
12 : 81 : 3, 1, 11, 15, 9, 16, 10, 2, 17, 4, 0, 13, 
13 : 9 : 11, 15, 12, 6, 9, 16, 7, 10, 3, 14, 2, 8, 17, 0, 4, 
14 : 7 : 3, 1, 6, 5, 9, 10, 8, 17, 13, 4, 
15 : 100 : 1, 11, 12, 6, 9, 16, 7, 10, 13, 3, 5, 2, 8, 0, 4, 
16 : 6 : 1, 11, 15, 12, 6, 9, 10, 8, 17, 4, 13, 
17 : 18 : 1, 11, 12, 6, 16, 7, 10, 13, 3, 5, 14, 8, 0, 4, 
